Daily temperature records (c):
JAN: [-13.33, -20.0, -24.44, -5.56, -21.67, -28.33, -16.11, -5.0, -14.44, -22.78, -3.33, -25.56, -8.33, -30.56, -16.67, -19.44, -18.89, -7.22, -10.0, -26.67, -18.33, -15.56, -12.22, -17.22, -2.78, -10.56, -6.11, -21.11, -26.11, -9.44]
FEB: [-36.67, -21.11, -27.22, -20.56, -26.67, -11.67, -31.67, -14.44, -12.78, -16.11, -30.0, -22.22, -17.22, -3.89, -5.0, -16.67, -26.11, -28.33, -31.11, -7.78, -12.22, -13.33, -6.67, -18.33, -35.56, -32.22, -10.56, -5.56]
MAR: [-1.67, -13.33, 2.78, -8.33, 5.0, 7.78, 7.22, -9.44, -7.22, 13.89, 3.89, -3.33, -7.78, -1.11, 10.0, 3.33, 5.56, 0.0, 8.33, -2.22, -8.89, -11.67, 10.56, -15.0, 6.67, 8.89, -10.56, 1.11, 9.44, 11.11, 14.44]
APR: [0.0, 6.67, 3.33, 19.44, 3.89, 10.0, 11.67, 20.56, 0.56, 17.78, 2.78, 18.33, 15.56, 1.67, 14.44, 7.78, 13.89, 2.22, 11.11, 21.11, 20.0, 5.0, 18.89, 16.11, 16.67, 8.33, 9.44, 13.33, 4.44, 5.56]
MAY: [10.56, 10.0, 12.22, 6.11, 7.22, 7.78, 13.33, 15.0, 12.78, 24.44, 19.44, 23.89, 15.56, 11.67, 9.44, 13.89, 22.78, 16.11, 6.67, 18.89, 21.11, 18.33, 20.0, 20.56, 5.56, 11.11, 4.44, 5.0, 25.0, 8.89]
JUN: [12.22, 20.56, 22.78, 23.33, 10.56, 16.11, 24.44, 23.89, 14.44, 26.11, 10.0, 17.78, 18.89, 25.56, 16.67, 26.67, 11.67, 17.22, 20.0, 11.11, 22.22, 15.0, 21.67, 15.56, 18.33, 13.33, 13.89, 21.11, 12.78]

Monthly temperature summary:
Month			Avg Temp (c)			high  /  low (c)
JAN       -15.93            -2.78 / -30.56
FEB       -19.35            -3.89 / -36.67
MAR         0.95            14.44 / -15.00
APR        10.69            21.11 /   0.00
MAY        13.93            25.00 /   4.44
JUN        18.07            26.67 /  10.00
